0 0.23689937591552734
0 0.2872288227081299
1000000 0.22558212280273438
1000000 0.24157404899597168
2000000 0.2919747829437256
2000000 0.20430684089660645
3000000 0.21217608451843262
3000000 0.26029253005981445
4000000 0.22803401947021484
4000000 0.2178514003753662
5000000 0.27657079696655273
5000000 0.24114632606506348
6000000 0.260286808013916
6000000 0.22298812866210938
7000000 0.23626089096069336
7000000 0.26703429222106934
8000000 0.2880735397338867
8000000 0.23303747177124023
9000000 0.32625269889831543
9000000 0.2693767547607422
10000000 0.23809480667114258
10000000 0.23729944229125977
11000000 0.2675795555114746
11000000 0.2707669734954834
12000000 0.31323933601379395
12000000 0.2902960777282715
13000000 0.3203158378601074
13000000 0.4116480350494385
14000000 0.2940962314605713
14000000 0.25420689582824707
15000000 0.34897756576538086
15000000 0.2685689926147461
16000000 0.30533695220947266
16000000 0.33336472511291504
17000000 0.2685375213623047
17000000 0.2821211814880371
18000000 0.2752668857574463
18000000 0.30892276763916016
19000000 0.28660130500793457
19000000 0.27307987213134766
20000000 0.35523486137390137
20000000 0.27039384841918945
21000000 0.26270604133605957
21000000 0.26461029052734375
22000000 0.26906847953796387
22000000 0.30832552909851074
23000000 0.31311488151550293
23000000 0.35401248931884766
24000000 0.3355529308319092
24000000 -0.766211986541748
25000000 0.28870081901550293
25000000 0.31885814666748047
26000000 0.3189404010772705
26000000 0.33321309089660645
27000000 0.342573881149292
27000000 0.3405122756958008
28000000 0.33428072929382324
28000000 0.2922804355621338
29000000 0.3057215213775635
29000000 0.29398441314697266
30000000 0.2992682456970215
30000000 0.29967570304870605
31000000 0.32194995880126953
31000000 0.314434289932251
32000000 0.311934232711792
32000000 0.30169081687927246
33000000 0.3123939037322998
33000000 0.3363230228424072
34000000 0.3344757556915283
34000000 0.3122532367706299
35000000 0.3197593688964844
35000000 0.32155632972717285
36000000 0.3215677738189697
36000000 0.3204312324523926
37000000 0.32829809188842773
37000000 0.3221278190612793
38000000 0.32862114906311035
38000000 0.33528900146484375
39000000 0.3351552486419678
39000000 0.35028886795043945
40000000 0.3421895503997803
40000000 0.3440549373626709
41000000 0.3467836380004883
41000000 0.34764909744262695
42000000 0.3690974712371826
42000000 0.34862303733825684
43000000 0.34714198112487793
43000000 0.35400986671447754
44000000 0.36067962646484375
44000000 0.3771827220916748
45000000 0.3535947799682617
45000000 0.3528454303741455
46000000 0.3615238666534424
46000000 0.3654496669769287
47000000 0.37258291244506836
47000000 0.3673117160797119
48000000 0.3742344379425049
48000000 0.36603283882141113
49000000 0.39044690132141113
49000000 0.37717390060424805
50000000 0.38203883171081543
50000000 0.3930087089538574
51000000 0.37847328186035156
51000000 0.3921971321105957
52000000 0.38486552238464355
52000000 0.3901236057281494
53000000 0.3994021415710449
53000000 0.40297675132751465
54000000 0.39621710777282715
54000000 0.38950395584106445
55000000 0.40008544921875
55000000 0.40659356117248535
56000000 0.40230560302734375
56000000 0.3980388641357422
57000000 0.39844346046447754
57000000 0.4028961658477783
58000000 0.42736291885375977
58000000 0.405409574508667
59000000 0.41369175910949707
59000000 0.4107527732849121
60000000 0.4336683750152588
60000000 0.41330933570861816
61000000 0.41497063636779785
61000000 0.4180867671966553
62000000 0.4637322425842285
62000000 -0.6361608505249023
63000000 0.42459964752197266
63000000 0.42237234115600586
64000000 0.4491403102874756
64000000 0.42700695991516113
65000000 0.4373023509979248
65000000 0.4388542175292969
66000000 0.4532957077026367
66000000 0.43852806091308594
67000000 0.4448256492614746
67000000 0.4404282569885254
68000000 0.44839978218078613
68000000 0.44359827041625977
69000000 0.4515113830566406
69000000 0.4526710510253906
70000000 0.4547104835510254
70000000 0.4529900550842285
71000000 0.4571692943572998
71000000 0.47188377380371094
72000000 0.4630768299102783
72000000 0.4594871997833252
73000000 0.4625277519226074
73000000 0.4965667724609375
74000000 0.4719691276550293
74000000 0.48000431060791016
75000000 0.4964735507965088
75000000 0.47155094146728516
76000000 0.4786546230316162
76000000 0.4809880256652832
77000000 0.4939279556274414
77000000 0.48059678077697754
78000000 0.4923267364501953
78000000 0.5120506286621094
79000000 0.492032527923584
79000000 0.49315881729125977
80000000 0.5157418251037598
80000000 0.49566650390625
81000000 0.4947326183319092
81000000 0.49903035163879395
82000000 0.521801233291626
82000000 0.5183296203613281
83000000 0.5137875080108643
83000000 0.567659854888916
84000000 0.5106103420257568
84000000 0.5097470283508301
85000000 0.5277729034423828
85000000 0.508192777633667
86000000 0.5202310085296631
86000000 0.5344440937042236
87000000 0.5220465660095215
87000000 0.5196821689605713
88000000 0.527705192565918
88000000 0.5470321178436279
89000000 0.5272605419158936
89000000 0.5261061191558838
90000000 0.5443408489227295
90000000 0.5506331920623779
91000000 0.534752607345581
91000000 0.551182746887207
92000000 0.54329514503479
92000000 0.5429410934448242
93000000 0.5601487159729004
93000000 0.546698808670044
94000000 0.5476493835449219
94000000 0.5766329765319824
95000000 0.5496015548706055
95000000 0.5514724254608154
96000000 0.5656609535217285
96000000 0.5494930744171143
97000000 0.5604696273803711
97000000 0.5678613185882568
98000000 0.5639147758483887
98000000 0.568812370300293
99000000 0.5723397731781006
99000000 0.5708165168762207
